-- Load Obsidian UI Library
local repo = "https://raw.githubusercontent.com/deividcomsono/Obsidian/main/"
local Library = loadstring(game:HttpGet(repo .. "Library.lua"))()
local ThemeManager = loadstring(game:HttpGet(repo .. "addons/ThemeManager.lua"))()
local SaveManager = loadstring(game:HttpGet(repo .. "addons/SaveManager.lua"))()

local Options = Library.Options
local Toggles = Library.Toggles

Library.ForceCheckbox = false
Library.ShowToggleFrameInKeybinds = true

-- ==================== DEBUG INFO ====================
print("=== DEBUG: Script mulai dijalankan ===")
print("Script path:", debug.getinfo(1).source)

-- ==================== READONLY TABLE ERROR FIX ====================
debug.setmetatable(nil, {
    __newindex = function() end,  -- Ignore semua write attempts ke nil
})

-- Safe table modification
local originalRawset = rawset
rawset = function(t, k, v)
    local success = pcall(originalRawset, t, k, v)
    return success
end

-- Safe table assignment
local function safeAssign(t, k, v)
    if type(t) ~= "table" then return false end
    
    local methods = {
        function() rawset(t, k, v) end,
        function() t[k] = v end,
        function() 
            if getmetatable(t) then
                getmetatable(t).__newindex = function(self, key, value)
                    if key == k then
                        rawset(self, k, value)
                    end
                end
            end
        end
    }
    
    for _, method in ipairs(methods) do
        local success = pcall(method)
        if success then return true end
    end
    return false
end

-- ==================== ENHANCED ERROR HANDLING ====================
local DEBUG_MODE = false

local function DebugLog(message, ...)
    if DEBUG_MODE then
        print("[Iruz Debug]:", message, ...)
    end
end

local function SafeWrapper(name, func)
    return function(...)
        local args = {...}
        local success, result = xpcall(function()
            return func(unpack(args))
        end, function(err)
            warn("[" .. name .. " Error]:", err)
            DebugLog("Error in " .. name .. ":", err, debug.traceback())
            return nil
        end)
        return success and result or nil
    end
end

-- ==================== SAFE UTILITY FUNCTIONS ====================
local function safeString(value, default)
    if value == nil then
        return default or ""
    elseif type(value) == "string" then
        return value
    elseif type(value) == "number" or type(value) == "boolean" then
        return tostring(value)
    elseif typeof(value) == "Vector3" then
        return string.format("(%.1f, %.1f, %.1f)", value.X, value.Y, value.Z)
    else
        return "[" .. typeof(value) .. "]"
    end
end

local function safeConcat(...)
    local result = ""
    for i = 1, select("#", ...) do
        local arg = select(i, ...)
        result = result .. safeString(arg, "")
    end
    return result
end

-- ==================== ENHANCED CHARACTER HANDLING ====================
local function safeGetHumanoid(model)
    if not model then return nil end
    if not model:IsA("Model") then return nil end
    
    local maxAttempts = 10
    for i = 1, maxAttempts do
        local humanoid = model:FindFirstChildOfClass("Humanoid")
        if humanoid and humanoid:IsA("Humanoid") and humanoid.Parent == model then
            return humanoid
        end
        task.wait(0.05)
    end
    return nil
end

local function safeGetCharacter(playerObj)
    if not playerObj then return nil end
    if not playerObj:IsA("Player") then return nil end
    
    local maxAttempts = 15
    for i = 1, maxAttempts do
        local char = playerObj.Character
        if char and char:IsA("Model") and char.Parent then
            local hrp = char:FindFirstChild("HumanoidRootPart")
            if hrp and hrp:IsA("BasePart") then
                return char
            end
        end
        task.wait(0.1)
    end
    return nil
end

local function isPlayerDowned(plr)
    local char = safeGetCharacter(plr)
    if not char then return false end
    
    local downed = char:GetAttribute("Downed")
    if downed == true then return true end
    
    local humanoid = safeGetHumanoid(char)
    if humanoid then
        return humanoid.Health <= 0
    end
    
    return false
end

-- ==================== SETUP THEMEMANAGER DAN SAVEMANAGER ====================
ThemeManager:SetLibrary(Library)
SaveManager:SetLibrary(Library)

SaveManager:IgnoreThemeSettings()
SaveManager:SetIgnoreIndexes({ "MenuKeybind" })
SaveManager:SetFolder("IruzEvade")

-- ==================== SERVICES ====================
local RunService = game:GetService("RunService")
local Players = game:GetService("Players")
local player = Players.LocalPlayer
local ReplicatedStorage = game:GetService("ReplicatedStorage")
local UserInputService = game:GetService("UserInputService")
local Lighting = game:GetService("Lighting")
local workspace = game:GetService("Workspace")
local TeleportService = game:GetService("TeleportService")
local HttpService = game:GetService("HttpService")
local InsertService = game:GetService("InsertService")
local TweenService = game:GetService("TweenService")
local MarketplaceService = game:GetService("MarketplaceService")
local VirtualUser = game:GetService("VirtualUser")
local placeId = game.PlaceId
local jobId = game.JobId

-- ==================== GLOBAL VARIABLES ====================
local Confirmed = false
local autoRespawnMethod = nil
local respawnConnection
local lastSavedPosition
local infiniteSlideEnabled = false
local slideFrictionValue = -8
local slideConnection
local cachedTables = {}
local plrModel
local autoCarryButton
local autoCarryConnection
local autoHelpConnection
local playerESPThread
local nextbotESPThread
local tracerThread
local tracerLines = {}
local lagSwitchEnabled = false
local lagDuration = 0.5

-- ==================== IRUZ HUB VARIABLES ====================
local stableCameraInstance = nil
local flying = false
local bodyVelocity = nil
local bodyGyro = nil
local flyLoop = nil
local antiNextbotConnection = nil
local antiNextbotEnabled = false
local antiNextbotDistance = 50
local teleportType = "Distance"
local teleportDistance = 20
local PathfindingService = game:GetService("PathfindingService")
local gravityEnabled = false
local originalGravity = workspace.Gravity
local gravityValue = 10
local AutoDrinkConnection = nil
local autoDrinkEnabled = false
local drinkDelay = 0.5
local bhopConnection = nil
local bhopLoaded = false
local frictionTables = {}
local CharacterDH = nil
local HumanoidDH = nil
local HumanoidRootPartDH = nil
local LastJump = 0
local GROUND_CHECK_DISTANCE = 3.5
local MAX_SLOPE_ANGLE = 45
local isLagActive = false
local lagDelayValue = 0.1
local lagIntensity = 1000000
local lagSwitchMode = "Normal"
local cameraStretchConnection = nil
local stretchHorizontal = 0.80
local stretchVertical = 0.80
local cameraStretchEnabled = false
local noFogEnabled = false
local originalFogEnd = nil
local originalAtmospheres = {}
local fpsTimerEnabled = true

-- ==================== HOLD SPACE JUMP VARIABLES ====================
getgenv().autoJumpEnabled = false
getgenv().bhopMode = "Normal"
getgenv().bhopAccelValue = -0.1
getgenv().jumpInterval = 0.1
getgenv().autoJumpType = "Normal"

-- Teleport variables
local autoPlaceTeleporterEnabled = false
local autoPlaceTeleporterType = "Far"
local gameStats = workspace:WaitForChild("Game"):WaitForChild("Stats")
local gameMap = workspace:WaitForChild("Game"):WaitForChild("Map")

-- ==================== KEYBIND MANAGER ====================
local KeybindManager = {
    DefaultKeybinds = {
        Fly = Enum.KeyCode.F,
        AntiNextbot = Enum.KeyCode.N,
        Gravity = Enum.KeyCode.G,
        AutoDrink = Enum.KeyCode.D,
        LagSwitch = Enum.KeyCode.L,
        CameraStretch = Enum.KeyCode.T,
        InfiniteSlide = Enum.KeyCode.I,
        NoFog = {Enum.KeyCode.LeftControl, Enum.KeyCode.F},
        NoCameraShake = {Enum.KeyCode.LeftControl, Enum.KeyCode.S},
        FpsTimer = {Enum.KeyCode.LeftControl, Enum.KeyCode.H},
        IncreaseGravity = {Enum.KeyCode.LeftControl, Enum.KeyCode.G},
        DecreaseGravity = {Enum.KeyCode.LeftAlt, Enum.KeyCode.G},
        ToggleLagEnable = Enum.KeyCode.F12
    },
    
    CurrentKeybinds = {},
    
    Init = function(self)
        print("[Keybind] Initializing keybind system...")
        
        self.CurrentKeybinds = {}
        for key, value in pairs(self.DefaultKeybinds) do
            self.CurrentKeybinds[key] = value
        end
        
        if isfile and readfile and isfile("Iruz_keybinds.txt") then
            print("[Keybind] Loading saved keybinds...")
            
            local success, data = pcall(function()
                return HttpService:JSONDecode(readfile("Iruz_keybinds.txt"))
            end)
            
            if success and data and type(data) == "table" then
                for key, value in pairs(data) do
                    if type(value) == "number" then
                        local convertSuccess, keyCode = pcall(function()
                            return Enum.KeyCode.new(value)
                        end)
                        
                        if convertSuccess and keyCode then
                            self.CurrentKeybinds[key] = keyCode
                        else
                            print("[Keybind] Failed to convert value for", key, ":", value)
                        end
                        
                    elseif type(value) == "table" then
                        local keys = {}
                        local allValid = true
                        
                        for _, keyValue in ipairs(value) do
                            local convertSuccess, keyCode = pcall(function()
                                return Enum.KeyCode.new(keyValue)
                            end)
                            
                            if convertSuccess and keyCode then
                                table.insert(keys, keyCode)
                            else
                                allValid = false
                                print("[Keybind] Invalid key in combo for", key, ":", keyValue)
                            end
                        end
                        
                        if allValid and #keys > 0 then
                            self.CurrentKeybinds[key] = keys
                        end
                    end
                end
                print("[Keybind] Keybinds loaded successfully!")
            else
                print("[Keybind] No valid save data found, using defaults")
            end
        else
            print("[Keybind] No save file found, using defaults")
        end
    end,
    
    Save = function(self)
        if writefile then
            local saveData = {}
            
            for key, keyCode in pairs(self.CurrentKeybinds) do
                if typeof(keyCode) == "EnumItem" then
                    saveData[key] = keyCode.Value
                elseif type(keyCode) == "table" then
                    local keys = {}
                    for _, kc in ipairs(keyCode) do
                        if typeof(kc) == "EnumItem" then
                            table.insert(keys, kc.Value)
                        end
                    end
                    if #keys > 0 then
                        saveData[key] = keys
                    end
                end
            end
            
            local success, err = pcall(function()
                writefile("Iruz_keybinds.txt", HttpService:JSONEncode(saveData))
            end)
            
            if success then
                print("[Keybind] Settings saved successfully")
            else
                warn("[Keybind] Failed to save:", err)
            end
        end
    end,
    
    IsKeyComboPressed = function(self, keyCombo)
        if typeof(keyCombo) == "EnumItem" then
            return UserInputService:IsKeyDown(keyCombo)
        elseif type(keyCombo) == "table" then
            for _, key in ipairs(keyCombo) do
                if not UserInputService:IsKeyDown(key) then
                    return false
                end
            end
            return true
        end
        return false
    end,
    
    GetKeyName = function(self, keyCombo)
        if typeof(keyCombo) == "EnumItem" then
            return keyCombo.Name
        elseif type(keyCombo) == "table" then
            local names = {}
            for _, key in ipairs(keyCombo) do
                table.insert(names, key.Name)
            end
            return table.concat(names, " + ")
        end
        return "None"
    end
}

KeybindManager:Init()

-- ==================== AUTO SELF REVIVE MODULE ====================
local AutoSelfReviveModule = (function()
    local enabled = false
    local method = "Spawnpoint"
    local connections = {}
    local lastSavedPosition = nil
    local hasRevived = false
    local isReviving = false

    local function cleanupConnections()
        for _, conn in pairs(connections) do
            if conn and conn.Disconnect then
                conn:Disconnect()
            end
        end
        connections = {}
    end

    local function handleDowned(character)
        if not character or not character:IsDescendantOf(workspace) then return end
        
        local isDowned = character:GetAttribute("Downed")
        if isDowned and not isReviving then
            isReviving = true

            if method == "Spawnpoint" then
                if not hasRevived then
                    hasRevived = true
                    pcall(function()
                        ReplicatedStorage.Events.Player.ChangePlayerMode:FireServer(true)
                    end)
                    Library:Notify({
                        Title = "Auto Self Revive",
                        Description = "Reviving at spawnpoint...",
                        Time = 2,
                    })

                    task.delay(10, function()
                        hasRevived = false
                    end)
                    task.delay(1, function()
                        isReviving = false
                    end)
                else
                    isReviving = false
                end
            elseif method == "Fake Revive" then
                local hrp = character:FindFirstChild("HumanoidRootPart")
                if hrp then
                    lastSavedPosition = hrp.Position
                end

                task.spawn(function()
                    pcall(function()
                        ReplicatedStorage:WaitForChild("Events"):WaitForChild("Player"):WaitForChild("ChangePlayerMode")
                            :FireServer(true)
                    end)

                    Library:Notify({
                        Title = "Auto Self Revive",
                        Description = "Saving position and reviving...",
                        Time = 2,
                    })

                    local newCharacter
                    repeat
                        newCharacter = player.Character
                        task.wait()
                    until newCharacter and newCharacter:FindFirstChild("HumanoidRootPart") and newCharacter ~= character

                    if newCharacter then
                        local newHRP = newCharacter:FindFirstChild("HumanoidRootPart")
                        if lastSavedPosition and newHRP then
                            task.wait(0.1)
                            newHRP.CFrame = CFrame.new(lastSavedPosition)
                            Library:Notify({
                                Title = "Auto Self Revive",
                                Description = "Teleported back to saved position!",
                                Time = 2,
                            })
                        end
                    end

                    isReviving = false
                end)
            end
        end
    end

    local function setupCharacter(character)
        if not character or not character:IsDescendantOf(workspace) then return end

        task.wait(0.5)

        local downedConnection = character:GetAttributeChangedSignal("Downed"):Connect(function()
            handleDowned(character)
        end)

        table.insert(connections, downedConnection)
    end

    local function start()
        if enabled then return end
        enabled = true

        cleanupConnections()

        local character = safeGetCharacter(player)
        if character then
            setupCharacter(character)
        end

        local charAddedConnection = player.CharacterAdded:Connect(function(newChar)
            setupCharacter(newChar)
        end)

        table.insert(connections, charAddedConnection)

        Library:Notify({
            Title = "Auto Self Revive",
            Description = "Enabled with method: " .. method,
            Time = 2,
        })
    end

    local function stop()
        if not enabled then return end
        enabled = false

        cleanupConnections()
        hasRevived = false
        isReviving = false
        lastSavedPosition = nil

        Library:Notify({
            Title = "Auto Self Revive",
            Description = "Disabled",
            Time = 2,
        })
    end

    return {
        Start = SafeWrapper("AutoSelfRevive.Start", start),
        Stop = SafeWrapper("AutoSelfRevive.Stop", stop),
        SetMethod = function(newMethod)
            method = newMethod
            if enabled then
                Library:Notify({
                    Title = "Auto Self Revive",
                    Description = "Method changed to: " .. newMethod,
                    Time = 2,
                })
            end
        end,
        IsEnabled = function()
            return enabled
        end
    }
end)()

-- ==================== FAST REVIVE MODULE ====================
local FastReviveModule = (function()
    local enabled = false
    local method = "Interact"
    local reviveRange = 10
    local loopDelay = 0.15
    local reviveLoopHandle = nil
    local interactHookConnection = nil
    local keyboardConnection = nil
    
    local function getInteractEvent()
        local success, event = pcall(function()
            return ReplicatedStorage:WaitForChild("Events"):WaitForChild("Character"):WaitForChild("Interact")
        end)
        return success and event or nil
    end

    local function startAutoMethod()
        if reviveLoopHandle then return end

        reviveLoopHandle = task.spawn(function()
            while enabled and method == "Auto" do
                local interactEvent = getInteractEvent()
                if not interactEvent then
                    task.wait(1)
                    continue
                end
                
                if player.Character and player.Character:FindFirstChild("HumanoidRootPart") then
                    local myHRP = player.Character.HumanoidRootPart
                    for _, plr in ipairs(Players:GetPlayers()) do
                        if plr ~= player then
                            local char = safeGetCharacter(plr)
                            if char and char:FindFirstChild("HumanoidRootPart") then
                                if isPlayerDowned(plr) then
                                    local hrp = char.HumanoidRootPart
                                    local success, dist = pcall(function()
                                        return (myHRP.Position - hrp.Position).Magnitude
                                    end)
                                    if success and dist and dist <= reviveRange then
                                        pcall(function()
                                            interactEvent:FireServer("Revive", true, plr.Name)
                                        end)
                                    end
                                end
                            end
                        end
                    end
                end
                task.wait(loopDelay)
            end
            reviveLoopHandle = nil
        end)
    end

    local function stopAutoMethod()
        if reviveLoopHandle then
            task.cancel(reviveLoopHandle)
            reviveLoopHandle = nil
        end
    end

    local function startInteractMethod()
        if interactHookConnection then return end

        local eventsFolder = player.PlayerScripts:WaitForChild("Events")
        local tempEventsFolder = eventsFolder:WaitForChild("temporary_events")
        local useKeybind = tempEventsFolder:WaitForChild("UseKeybind")

        interactHookConnection = useKeybind.Event:Connect(function(...)
            local args = { ... }

            if args[1] and type(args[1]) == "table" then
                local keyData = args[1]

                if keyData.Key == "Interact" and keyData.Down == true and enabled then
                    task.spawn(function()
                        for _, plr in pairs(Players:GetPlayers()) do
                            if plr ~= player then
                                pcall(function()
                                    getInteractEvent():FireServer("Revive", true, plr.Name)
                                end)
                                task.wait(0.1)
                            end
                        end
                    end)
                end
            end
        end)

        keyboardConnection = UserInputService.InputBegan:Connect(function(input, gameProcessed)
            if gameProcessed or not enabled then return end

            if input.KeyCode == Enum.KeyCode.E then
                task.spawn(function()
                    for _, plr in pairs(Players:GetPlayers()) do
                        if plr ~= player then
                            pcall(function()
                                getInteractEvent():FireServer("Revive", true, plr.Name)
                            end)
                            task.wait(0.1)
                        end
                    end
                end)
            end
        end)
    end

    local function stopInteractMethod()
        if interactHookConnection then
            interactHookConnection:Disconnect()
            interactHookConnection = nil
        end
        if keyboardConnection then
            keyboardConnection:Disconnect()
            keyboardConnection = nil
        end
    end

    local function start()
        enabled = true
        if method == "Auto" then
            stopInteractMethod()
            startAutoMethod()
        elseif method == "Interact" then
            stopAutoMethod()
            startInteractMethod()
        end
    end

    local function stop()
        enabled = false
        stopAutoMethod()
        stopInteractMethod()
    end

    local function setMethod(newMethod)
        local wasEnabled = enabled
        stop()
        method = newMethod
        if wasEnabled then
            start()
        end
    end

    return {
        Start = SafeWrapper("FastRevive.Start", start),
        Stop = SafeWrapper("FastRevive.Stop", stop),
        SetMethod = SafeWrapper("FastRevive.SetMethod", setMethod)
    }
end)()

-- ==================== AUTO FARM MODULE ====================
local AutoFarmModule = (function()
    local securityPart = nil
    local connections = {
        autoWin = nil,
        farmMoney = nil,
        farmMoneyInstant = nil,
        farmTickets = nil
    }
    local activeStates = {
        autoWin = false,
        farmMoney = false,
        farmTickets = false
    }

    local function createSecurityPart()
        if workspace:FindFirstChild("SecurityPart") then
            return workspace.SecurityPart
        end

        securityPart = Instance.new("Part")
        securityPart.Name = "SecurityPart"
        securityPart.Size = Vector3.new(10, 1, 10)
        securityPart.Position = Vector3.new(5000, 5000, 5000)
        securityPart.Anchored = true
        securityPart.CanCollide = true
        securityPart.Transparency = 0.9
        securityPart.Material = Enum.Material.Neon
        securityPart.BrickColor = BrickColor.new("Bright green")
        securityPart.Parent = workspace

        return securityPart
    end

    local function removeSecurityPart()
        if not activeStates.autoWin and not activeStates.farmMoney and not activeStates.farmTickets then
            if securityPart and securityPart.Parent then
                securityPart:Destroy()
            end
            securityPart = nil
        end
    end

    local function getPlayerFromModel(model)
        for _, pl in pairs(Players:GetPlayers()) do
            if pl.Character == model or (pl.Character and pl.Character.Name == model.Name) then
                return pl
            end
        end
        return nil
    end

    local function startFarmMoney()
        if connections.farmMoney then return end

        local security = createSecurityPart()
        activeStates.farmMoney = true

        connections.farmMoneyInstant = task.spawn(function()
            while activeStates.farmMoney do
                local myChar = safeGetCharacter(player)
                if myChar and myChar:FindFirstChild("HumanoidRootPart") then
                    local myHrp = myChar.HumanoidRootPart
                    for _, pl in ipairs(Players:GetPlayers()) do
                        if pl ~= player and isPlayerDowned(pl) then
                            local char = safeGetCharacter(pl)
                            if char and char:FindFirstChild("HumanoidRootPart") then
                                local success, dist = pcall(function()
                                    return (myHrp.Position - char.HumanoidRootPart.Position).Magnitude
                                end)
                                if success and dist and dist <= 10 then
                                    pcall(function()
                                        ReplicatedStorage.Events.Character.Interact:FireServer("Revive", true, pl.Name)
                                    end)
                                end
                            end
                        end
                    end
                end
                task.wait(0.15)
            end
        end)

        connections.farmMoney = RunService.Heartbeat:Connect(function()
            local secPart = workspace:FindFirstChild("SecurityPart")
            if not secPart then return end

            local char = safeGetCharacter(player)
            if not char then return end

            local hrp = char:FindFirstChild("HumanoidRootPart")
            if not hrp then return end

            local downedPlayerFound = false
            local playersInGame = workspace:FindFirstChild("Game") and workspace.Game:FindFirstChild("Players")

            if playersInGame then
                for _, v in pairs(playersInGame:GetChildren()) do
                    if v:IsA("Model") and v:GetAttribute("Downed") and not v:GetAttribute("Carried") then
                        if v:FindFirstChild("RagdollConstraints") then
                            continue
                        end

                        local vHrp = v:FindFirstChild("HumanoidRootPart")
                        if vHrp then
                            hrp.CFrame = vHrp.CFrame + Vector3.new(0, 3, 0)

                            local targetPlayer = getPlayerFromModel(v)
                            pcall(function()
                                if targetPlayer then
                                    ReplicatedStorage.Events.Character.Interact:FireServer("Revive", true,
                                        targetPlayer.Name)
                                end
                            end)
                            task.wait(0.5)
                            downedPlayerFound = true
                            break
                        end
                    end
                end
            end

            if not downedPlayerFound then
                hrp.CFrame = secPart.CFrame + Vector3.new(0, 3, 0)
            end
        end)
    end

    local function stopFarmMoney()
        activeStates.farmMoney = false
        if connections.farmMoneyInstant then
            task.cancel(connections.farmMoneyInstant)
            connections.farmMoneyInstant = nil
        end
        if connections.farmMoney then
            connections.farmMoney:Disconnect()
            connections.farmMoney = nil
        end
        removeSecurityPart()
    end

    return {
        StartFarmMoney = SafeWrapper("AutoFarm.StartFarmMoney", startFarmMoney),
        StopFarmMoney = SafeWrapper("AutoFarm.StopFarmMoney", stopFarmMoney),
        StopAll = SafeWrapper("AutoFarm.StopAll", function()
            stopFarmMoney()
        end)
    }
end)()

-- ==================== TELEPORT MODULE ====================
local TeleportModule = (function()
    local mapSpots = {
        ["DesertBus"] = {
            Far = CFrame.new(1350.6390380859375, -66.57595825195312, 913.889404296875, 0.08861260116100311, 0,
                0.9960662126541138, 0, 1.0000001192092896, 0, -0.9960662126541138, 0, 0.08861260116100311),
            Sky = CFrame.new(29.76473045349121, 69.4240493774414, -178.1037139892578, 0.6581460237503052, 0,
                0.7528902888298035, 0, 1, 0, -0.752890408039093, 0, 0.6581459641456604)
        },
        ["IndoorWaterPark"] = {
            Far = CFrame.new(655.8071899414062, 196.49005126953125, 705.3368530273438, 0.33953040838241577, 0,
                0.9405950903892517, 0, 1, 0, -0.9405950903892517, 0, 0.33953040838241577),
            Sky = CFrame.new(-460.7920837402344, 518.8087158203125, 1170.8741455078125, -0.0769985020160675, 0,
                0.9970312118530273, 0, 1, 0, -0.9970312118530273, 0, -0.0769985020160675)
        },
        ["Alleyways"] = {
            Far = CFrame.new(-35.08295440673828, 2.2002439498901367, 541.8427734375, 0.8617393374443054, 0,
                0.5073513388633728, 0, 1, 0, -0.5073513984680176, 0, 0.8617392182350159),
            Sky = CFrame.new(105.782958984375, 170.20025634765625, 384.8106689453125, 0.7089647650718689, 0,
                -0.7052439451217651, 0, 1, 0, 0.7052439451217651, 0, 0.7089647650718689)
        },
        ["Garden"] = {
            Sky = CFrame.new(-339.934326171875, 356.55731201171875, -654.667236328125, 0.9520128965377808, 0,
                0.3060581684112549, 0, 1, 0, -0.30605819821357727, 0, 0.9520127773284912)
        },
        ["ScorchingOutpost"] = {
            Sky = CFrame.new(-228.6458740234375, 230.90721130371094, 43.87240219116211, -0.1324794590473175, 0,
                -0.99118572473526, 0, 1, 0, 0.9911858439445496, 0, -0.1324794441461563)
        },
        ["Maze"] = {
            Sky = CFrame.new(46.19444274902344, -121.4998779296875, 70.2211685180664, -0.9800435900688171, 0,
                0.19878289103507996, 0, 1.0000001192092896, 0, -0.19878289103507996, 0, -0.9800435900688171)
        },
        ["Mayday"] = {
            Far = CFrame.new(33.04498291015625, 384.283447265625, 105.46440887451172, -0.9928553104400635, 0,
                -0.11932454258203506, 0, 1, 0, 0.11932454258203506, 0, -0.9928553104400635),
            Sky = CFrame.new(-1019.0883178710938, 1015.3773193359375, 329.9805603027344, 0.39608004689216614, 0,
                0.9182159900665283, 0, 1.0000001192092896, 0, -0.9182161092758179, 0, 0.39607998728752136)

        },
        ["WinterPalace"] = {
            Sky = CFrame.new(381.09075927734375, 279.2668762207031, 130.02322387695312, 0.15100924670696259, 0,
                0.988532304763794, 0, 1, 0, -0.9885324239730835, 0, 0.1510092318058014)
        },
        ["JollyVillage"] = {
            Far = CFrame.new(-1013.8224487304688, 636.9444580078125, -3115.31494140625, 0.3681890368461609, 0,
                0.9297509789466858, 0, 1, 0, -0.9297509789466858, 0, 0.3681890368461609),
            Sky = CFrame.new(-139.01596069335938, 1205.17431640625, -717.07568359375, 0.8310645222663879, 0,
                -0.5561761260032654, 0, 1.0000001192092896, 0, 0.5561761856079102, 0, 0.8310644030570984),
        },
        ["Loop"] = {
            Sky = CFrame.new(-161.85980224609375, -278.20001220703125, -81.01275634765625, -0.6171243190765381, 0,
                -0.7868656516075134, 0, 1, 0, 0.7868656516075134, 0, -0.6171243190765381),
        },
        ["FestiveGathering"] = {
            Sky = CFrame.new(11.90072250366211, 383.59442138671875, 59.90773010253906, -0.9867874383926392, 0,
                -0.16202007234096527, 0, 1.0000001192092896, 0, 0.16202005743980408, 0, -0.9867875576019287),
        },
        ["FrostlightHollow"] = {
            Sky = CFrame.new(31.77029037475586, 985.7108154296875, 80.7327880859375, -0.9929403066635132, 0,
                0.11861587315797806, 0, 1, 0, -0.11861588805913925, 0, -0.9929401874542236),
        },
        ["WinterfallKingdom"] = {
            Sky = CFrame.new(-160.61166381835938, 570.0502319335938, -560.9686889648438, -0.3108031153678894, 0,
                -0.9504743218421936, 0, 1, 0, 0.9504743218421936, 0, -0.3108031153678894),
        },
        ["FestiveWorkshop"] = {
            Sky = CFrame.new(717.2640380859375, 231.27069091796875, -407.1882629394531, 0.06374967098236084, 0,
                0.997965931892395, 0, 1, 0, -0.997965931892395, 0, 0.06374967098236084),
        },
        ["Cliffshire"] = {
            Sky = CFrame.new(-161.78192138671875, 403.5511474609375, -651.4358520507812, 0.5457629561424255, 0,
                -0.8379396200180054, 0, 1, 0, 0.8379396200180054, 0, 0.5457629561424255),
            Far = CFrame.new(-161.78192138671875, 403.5511474609375, -651.4358520507812, 0.5457629561424255, 0,
                -0.8379396200180054, 0, 1, 0, 0.8379396200180054, 0, 0.5457629561424255),
        },
        ["NemosRest"] = {
            Sky = CFrame.new(836.2274780273438, 356.0625, 462.6441955566406, -0.7985675930976868, 0, 0.6019051671028137,
                0, 1,
                0, -0.6019051671028137, 0, -0.7985675930976868),
            Far = CFrame.new(836.2274780273438, 356.0625, 462.6441955566406, -0.7985675930976868, 0, 0.6019051671028137,
                0, 1,
                0, -0.6019051671028137, 0, -0.7985675930976868),
        },
        ["Hokkaido"] = {
            Sky = CFrame.new(73.56007385253906, 432.25, 392.9374084472656, -0.9822593927383423, 0, 0.1875273436307907, 0,
                1,
                0, -0.1875273436307907, 0, -0.9822593927383423),
            Far = CFrame.new(73.56007385253906, 432.25, 392.9374084472656, -0.9822593927383423, 0, 0.1875273436307907, 0,
                1,
                0, -0.1875273436307907, 0, -0.9822593927383423),
        },
        ["Cemetery"] = {
            Sky = CFrame.new(632.48193359375, 586.0111083984375, -361.3384704589844, 0.18417859077453613, 0,
                0.9828926920890808, 0, 0.9999999403953552, 0, -0.9828928112983704, 0, 0.18417857587337494),
            Far = CFrame.new(632.48193359375, 586.0111083984375, -361.3384704589844, 0.18417859077453613, 0,
                0.9828926920890808, 0, 0.9999999403953552, 0, -0.9828928112983704, 0, 0.18417857587337494),
        },
        ["City"] = {
            Far = CFrame.new(-2127.977783203125, 383.7749938964844, -559.095947265625, 0.8021499514579773, 0,
                -0.5971227288246155, 0, 1.0000001192092896, 0, 0.5971227288246155, 0, 0.8021499514579773),
            Sky = CFrame.new(-2127.977783203125, 383.7749938964844, -559.095947265625, 0.8021499514579773, 0,
                -0.5971227288246155, 0, 1.0000001192092896, 0, 0.5971227288246155, 0, 0.8021499514579773),
        },
        ["Library"] = {
            Far = CFrame.new(1793.404541015625, 208.00001525878906, 104.01787567138672, 0.055350083857774734, 0,
                0.998466968536377, 0, 1, 0, -0.9984670877456665, 0, 0.05535007640719414),
            Sky = CFrame.new(1793.404541015625, 208.00001525878906, 104.01787567138672, 0.055350083857774734, 0,
                0.998466968536377, 0, 1, 0, -0.9984670877456665, 0, 0.05535007640719414),
        },
        ["WorkFacility"] = {
            Sky = CFrame.new(32.97286605834961, -203.93392944335938, 937.833251953125, -0.05341392755508423, 0,
                0.9985724091529846, 0, 1, 0, -0.9985725283622742, 0, -0.05341392010450363),
            Far = CFrame.new(32.97286605834961, -203.93392944335938, 937.833251953125, -0.05341392755508423, 0,
                0.9985724091529846, 0, 1, 0, -0.9985725283622742, 0, -0.05341392010450363),
        },
        ["Funrooms"] = {
            Sky = CFrame.new(-116.376708984375, -182.91168212890625, 499.81671142578125, -0.6560189127922058, 0,
                0.7547444701194763, 0, 1.0000001192092896, 0, -0.7547445893287659, 0, -0.656018853187561),
            Far = CFrame.new(-116.376708984375, -182.91168212890625, 499.81671142578125, -0.6560189127922058, 0,
                0.7547444701194763, 0, 1.0000001192092896, 0, -0.7547445893287659, 0, -0.656018853187561),
        },
        ["Vibrance"] = {
            Sky = CFrame.new(-177.74911499023438, 71.1875, 191.6678009033203, 0.9960232973098755, 0, -0.08909342437982559,
                0,
                1, 0, 0.08909342437982559, 0, 0.9960232973098755),
            Far = CFrame.new(-177.74911499023438, 71.1875, 191.6678009033203, 0.9960232973098755, 0, -0.08909342437982559,
                0,
                1, 0, 0.08909342437982559, 0, 0.9960232973098755),
        },
        ["Construct"] = {
            Sky = CFrame.new(-612.9860229492188, 251.5, -198.60336303710938, -0.32763347029685974, 0, 0.944804847240448,
                0, 1, 0, -0.9448049664497375, 0, -0.32763344049453735),
        },
        ["TerrorHotel"] = {
            Sky = CFrame.new(-142.96974182128906, 75.2402114868164, 731.3663940429688, -0.5783506631851196, 0,
                -0.8157883286476135, 0, 1.0000001192092896, 0, 0.8157883286476135, 0, -0.5783506631851196),
        },
        ["Station"] = {
            Far = CFrame.new(-1239.528564453125, -0.10437500476837158, -77.3851318359375, -0.37803247570991516, 0,
                0.9257923364639282, 0, 1.0000001192092896, 0, -0.9257924556732178, 0, -0.3780324161052704),
            Sky = CFrame.new(-204.4696807861328, 321.3405456542969, 27.782020568847656, -0.025697067379951477, 0,
                -0.9996697902679443, 0, 1, 0, 0.9996697902679443, 0, -0.025697067379951477),
        },
        ["SilverMall"] = {
            Sky = CFrame.new(-81.4511489868164, 38.782257080078125, 40.81037139892578, 0.07673122733831406, 0,
                0.9970518350601196, 0, 1, 0, -0.9970518350601196, 0, 0.07673122733831406),
        },
        ["AridRuins"] = {
            Sky = CFrame.new(-277.790771484375, 147.52992248535156, 280.6595153808594, 0.8448709845542908, 0,
                -0.5349701046943665, 0, 1, 0, 0.5349701046943665, 0, 0.8448709845542908),
        },
        ["PitStop"] = {
            Far = CFrame.new(-836.5980224609375, 98, -16.104969024658203, 0.13116659224033356, 0, -0.9913603067398071, 0,
                1, 0, 0.9913604259490967, 0, 0.13116657733917236),
            Sky = CFrame.new(-113.65505981445312, 527.7000122070312, -8.280224800109863, -0.7291958928108215, 0,
                -0.6843050718307495, 0, 1.0000001192092896, 0, 0.6843050718307495, 0, -0.7291958928108215),
        },
        ["MilitaryBase"] = {
            Sky = CFrame.new(-112.2247314453125, 1295.709716796875, -371.64129638671875, 0.9938321113586426, 0,
                0.11089564114809036, 0, 1, 0, -0.11089565604925156, 0, 0.993831992149353),
        },
        ["Acropolis"] = {
            Sky = CFrame.new(40.0380973815918, 366.1999816894531, -317.16650390625, -0.07234137505292892, 0,
                -0.9973798990249634, 0, 1, 0, 0.9973800182342529, 0, -0.07234136760234833),
        },
        ["UndergroundFacility"] = {
